   20.79     1.43    10.27    19.53     7.55    20.03    14.05     0.45    11.00     4.34    20.19     4.38     8.14    17.03     6.19     5.74 
    7.66     2.76    15.10    15.84    17.23    19.65    10.98    16.37     9.80    10.12     6.43    13.15     1.58    10.70     4.72     0.89 
   12.13    14.99    20.42    19.68    13.54    13.00    20.14     3.06    17.34    18.85     7.45     4.00    14.40    13.63     9.74     0.59 
   16.39     3.37    16.43    12.15     1.55     5.94     7.04    11.35    16.05    13.47     3.03    17.63     2.70     7.74    18.52    14.83 
    1.25    17.46    13.04    14.79     8.99    11.70    17.85     4.86     9.07     3.82     8.86     2.00    17.46    18.59     2.59    12.37 
    0.48    19.02     3.05     2.03     3.48    10.09    13.38    19.53     2.09    16.40    15.69     4.78     2.67    12.73    19.61     3.92 
    8.72    11.18    18.71    17.71     1.40    15.09     1.09    10.47    18.91     9.95    12.47    14.90     7.07    15.07     5.80     7.55 
   12.61     8.85     9.58    16.10    18.93     1.48    14.16    21.02    17.88     8.37     4.33    20.55    21.10     2.47     3.00     8.34 
   13.65     0.23     4.58    15.05    15.32     5.67     4.04    12.76    15.62    16.52     6.18     1.21    10.11    11.98     8.76     1.25 
   20.83    18.34    17.35    18.29    19.82    10.03    17.83    16.23    18.40     0.69    15.31    18.02     3.16    18.30     4.89    16.81 
   18.54     9.47    10.38    12.39    15.14    14.42     3.67     9.28     9.46     9.86    10.49    19.57     0.36    19.26    20.82    21.19 
   16.12    16.69    18.00    14.47     5.24    14.36     9.23     2.16    15.05     3.06    20.18    18.21    21.37     3.60    13.54    18.43 
   13.07     2.44     9.34     6.73    16.86    13.02    16.01     4.85     1.40     5.03     2.94     1.76     2.81     2.28     1.48    18.94 
   18.97    19.48    11.94     2.73    12.36    21.17     4.89     5.94     2.76     3.60     2.67     2.65     7.20    16.21    21.08    20.27 
   18.66     8.95     5.52    14.05     0.49     0.06    18.89     1.89     5.09     0.36     3.65     7.90     2.64     5.13     5.37     0.14 
    3.14    17.30     2.87    15.50    17.00     7.76    21.43    19.75    11.36     2.63     0.93    18.56    18.84     0.53    17.35    16.02 
